>	aa
95.213081	1.881591
95.203125	1.890419
95.194473	1.898090
95.179848	1.911065
95.169739	1.920000
95.167969	1.921525
95.154373	1.933227
95.149872	1.937104
95.132812	1.951743
95.113449	1.968363
95.097656	1.981916
95.076584	2.000000
95.072548	2.003498
95.062500	2.012197
95.031967	2.038632
95.027344	2.042638
95.002045	2.064541
94.997307	2.068652
94.992188	2.073087
94.991402	2.073766
94.984215	2.080000
94.973145	2.089829
94.957031	2.104162
94.951706	2.108899
94.921875	2.135444
94.912224	2.144031
94.894279	2.160000
94.886719	2.167009
94.873611	2.179162
94.851562	2.199608
94.835724	2.214292
94.816406	2.232207
94.813759	2.234662
94.807983	2.240000
94.798164	2.249422
94.781250	2.265661
94.779427	2.267414
94.761566	2.284551
94.746094	2.299395
94.724953	2.319679
94.724617	2.320000
94.719124	2.325266
94.710938	2.333082
94.688187	2.354806
94.686218	2.356688
94.675781	2.366643
94.651367	2.389932
94.647377	2.393742
94.640800	2.400000
94.640625	2.400165
94.613777	2.425057
94.605469	2.432763
94.580139	2.456250
94.575943	2.460181
94.570312	2.465459
94.554802	2.480000
94.538155	2.495305
94.535156	2.498065
94.514275	2.517266
94.500000	2.530427
94.499847	2.530581
94.467964	2.560000
94.464844	2.563047
94.462288	2.565548
94.449844	2.577700
94.429688	2.597499
94.426460	2.600669
94.394730	2.631835
94.394531	2.632028
94.390694	2.635789
94.388443	2.637991
94.386391	2.640000
94.359375	2.668763
94.357361	2.670907
94.330078	2.699967
94.327164	2.703083
94.324417	2.706025
94.324219	2.706233
94.311340	2.720000
94.292320	2.741141
94.289062	2.744762
94.271347	2.764464
94.260826	2.776257
94.253906	2.784015
94.239647	2.800000
94.229347	2.811371
94.218750	2.823072
94.211349	2.831245
94.197617	2.846485
94.183594	2.862055
94.167427	2.880000
94.166008	2.881597
94.149261	2.900455
94.148438	2.901384
94.134850	2.916708
94.113281	2.941022
94.103706	2.951818
94.096451	2.960000
94.085709	2.972613
94.078125	2.981430
94.073402	2.986927
94.044785	3.020223
94.043228	3.022035
94.042969	3.022334
94.027786	3.040000
94.017326	3.052672
94.013626	3.057142
94.007812	3.064176
93.984596	3.092248
93.972656	3.106686
93.961647	3.120000
93.955841	3.127352
93.937500	3.150591
93.928131	3.162456
93.919655	3.173197
93.902344	3.195149
93.900444	3.197558
93.898514	3.200000
93.895370	3.204517
93.887619	3.215655
93.876015	3.232659
93.867188	3.245601
93.852074	3.267758
93.843719	3.280000
93.832031	3.298583
93.829346	3.302857
93.824799	3.310079
93.822968	3.312988
93.806931	3.337954
93.796875	3.353606
93.792770	3.360000
93.783096	3.373050
93.761719	3.401893
93.757088	3.408145
93.747780	3.420691
93.743942	3.425892
93.733513	3.440000
93.730789	3.443238
93.726562	3.448254
93.704842	3.474031
93.701248	3.478330
93.691406	3.490113
93.671936	3.513421
93.666435	3.520000
93.656250	3.533134
93.649498	3.541843
93.644318	3.548511
93.621094	3.578457
93.617104	3.583599
93.604378	3.600000
93.603920	3.600739
93.592758	3.618686
93.585938	3.629657
93.582787	3.634721
93.570999	3.653771
93.554756	3.680000
93.550781	3.686862
93.549629	3.688855
93.548050	3.691582
93.534561	3.714875
93.529457	3.723938
93.515625	3.748494
93.509697	3.759019
93.509148	3.760000
93.499687	3.774922
93.487534	3.794099
93.487228	3.794571
93.480469	3.805129
93.465065	3.829178
93.458130	3.840000
93.445312	3.858453
93.441284	3.864255
93.432175	3.877362
93.431259	3.878678
93.417152	3.899330
93.410156	3.909574
93.403038	3.920000
93.393486	3.934404
93.375000	3.962280
93.374268	3.963388
93.370132	3.969477
93.359886	3.984553
93.349396	4.000000
93.346344	4.004548
93.339844	4.014253
93.322845	4.039618
93.319275	4.044947
93.304688	4.066724
93.299355	4.074686
93.295792	4.080000
93.287376	4.091950
93.274849	4.109753
93.269531	4.117303
93.265839	4.122549
93.250282	4.144818
93.239670	4.160000
93.234375	4.167299
93.225243	4.179881
93.213287	4.196361
93.201912	4.212260
93.199989	4.214943
93.199219	4.216020
93.182060	4.240000
93.174728	4.250004
93.164062	4.264547
93.161591	4.267919
93.149162	4.285062
93.128906	4.312991
93.123825	4.320000
93.123734	4.320119
93.110107	4.338226
93.108078	4.340888
93.097176	4.355175
93.093750	4.359666
93.070427	4.390229
93.062973	4.400000
93.058594	4.405947
93.057182	4.407867
93.044319	4.425281
93.023438	4.453569
93.018448	4.460332
93.017639	4.461421
93.005684	4.477599
93.004463	4.479249
93.003906	4.480000
92.993896	4.495381
92.988281	4.504014
92.971092	4.530428
92.959496	4.548253
92.953125	4.558105
92.951897	4.560000
92.948875	4.565474
92.943680	4.574885
92.929535	4.600517
92.918762	4.620045
92.917969	4.621483
92.910240	4.635560
92.907806	4.640000
92.902809	4.650668
92.893486	4.670600
92.883018	4.692966
92.882812	4.693410
92.877098	4.705639
92.872101	4.716311
92.870377	4.720000
92.861923	4.740675
92.851089	4.767163
92.847656	4.775505
92.847572	4.775710
92.847511	4.775853
92.837578	4.800000
92.833443	4.810744
92.824600	4.833721
92.821114	4.842772
92.819962	4.845775
92.812500	4.865213
92.806824	4.880000
92.806503	4.880805
92.802513	4.890752
92.792465	4.915833
92.790878	4.919798
92.778969	4.949240
92.778313	4.950859
92.777344	4.953257
92.774612	4.960000
92.763336	4.985883
92.757965	4.998207
92.752510	5.010620
92.747993	5.020905
92.742188	5.034111
92.739601	5.040000
92.732430	5.055926
92.724503	5.073541
92.722931	5.077039
92.716812	5.090944
92.707031	5.113197
92.704041	5.120000
92.701561	5.125961
92.697678	5.135275
92.689774	5.154252
92.686996	5.160975
92.672974	5.194898
92.672516	5.195988
92.671875	5.197546
92.670860	5.200000
92.659431	5.229338
92.658768	5.230999
92.650108	5.252672
92.644783	5.266008
92.639198	5.280000
92.636719	5.286266
92.630890	5.301015
92.630394	5.302279
92.627083	5.310610
92.616989	5.336020
92.607468	5.360000
92.603760	5.368832
92.602844	5.371023
92.601952	5.373155
92.601562	5.374079
92.588181	5.406023
92.578598	5.428886
92.573944	5.440000
92.573471	5.441022
92.573074	5.441890
92.569244	5.450385
92.566406	5.456685
92.557686	5.476019
92.550575	5.491778
92.543579	5.507287
92.541916	5.511014
92.537903	5.520000
92.531250	5.534405
92.525894	5.546007
92.521332	5.555881
92.514488	5.570692
92.509743	5.580997
92.500984	5.600000
92.496094	5.610215
92.493332	5.615986
92.490814	5.621236
92.485275	5.632815
92.476662	5.650972
92.462891	5.680000
92.460938	5.684089
92.460045	5.685957
92.459244	5.687644
92.455925	5.694605
92.443336	5.720939
92.430832	5.747108
92.427361	5.754350
92.426605	5.755919
92.425995	5.757192
92.425781	5.757631
92.424629	5.760000
92.410835	5.790897
92.398888	5.817650
92.397461	5.820845
92.395241	5.825873
92.390625	5.836333
92.389008	5.840000
92.381027	5.860846
92.375122	5.876266
92.371765	5.885033
92.367615	5.895818
92.358292	5.920000
92.355469	5.927831
92.354401	5.930787
92.353806	5.932441
92.347076	5.951086
92.341827	5.965754
92.334282	5.986822
92.329567	6.000000
92.329308	6.000718
92.322220	6.020258
92.320312	6.025542
92.316650	6.035681
92.314590	6.041372
92.304008	6.070641
92.300621	6.080000
92.295578	6.093926
92.294830	6.095982
92.291321	6.105599
92.285156	6.122519
92.278580	6.140555
92.274849	6.150804
92.271500	6.160000
92.267670	6.171209
92.266205	6.175508
92.256447	6.204049
92.254257	6.210459
92.250000	6.222915
92.244164	6.240000
92.242409	6.245408
92.241211	6.249096
92.238792	6.256549
92.231064	6.280354
92.222046	6.308140
92.219719	6.315299
92.218193	6.320000
92.215248	6.329099
92.214844	6.330350
92.208374	6.350240
92.205284	6.359743
92.197006	6.385180
92.192184	6.400000
92.188393	6.411467
92.187447	6.414322
92.185532	6.420117
92.179688	6.437783
92.173981	6.455051
92.171181	6.463502
92.165726	6.480000
92.162430	6.489983
92.157501	6.504912
92.154015	6.515490
92.150909	6.524913
92.144531	6.544277
92.139404	6.559840
92.139351	6.560000
92.136986	6.567337
92.128143	6.594765
92.127563	6.596558
92.120514	6.618622
92.116982	6.629688
92.113686	6.640000
92.109375	6.654268
92.106247	6.664608
92.104912	6.669042
92.100677	6.683063
92.095718	6.699525
92.089890	6.718878
92.089554	6.720000
92.085342	6.734440
92.075539	6.768041
92.075249	6.769031
92.075157	6.769352
92.074219	6.772573
92.066231	6.800000
92.064919	6.804262
92.060822	6.817564
92.054176	6.839170
92.045349	6.867830
92.044098	6.871891
92.043427	6.874074
92.041603	6.880000
92.039062	6.887818
92.037239	6.893443
92.032196	6.908977
92.028931	6.919031
92.020874	6.943876
92.015640	6.960000
92.012321	6.970417
92.009659	6.978773
92.003906	6.996841
92.000885	7.006338
91.998550	7.013668
91.996086	7.021433
91.990181	7.040000
91.987579	7.048560
91.980530	7.071756
91.976982	7.083449
91.973740	7.094100
91.968750	7.110547
91.966385	7.118336
91.965881	7.120000
91.965378	7.121681
91.959671	7.140843
91.955971	7.153220
91.950577	7.171247
91.945541	7.188101
91.941986	7.200000
91.936020	7.220572
91.935326	7.222979
91.933594	7.228939
91.930298	7.240312
91.925255	7.257855
91.921936	7.269421
91.918892	7.280000
91.915390	7.292729
91.908554	7.317565
91.905792	7.327599
91.899643	7.349936
91.898438	7.354318
91.896873	7.360000
91.896202	7.362467
91.895363	7.365518
91.886627	7.397332
91.884918	7.403541
91.882217	7.413420
91.877075	7.432194
91.874939	7.440000
91.872345	7.449290
91.868980	7.461401
91.867409	7.467054
91.863281	7.481920
91.857727	7.501910
91.855614	7.509511
91.852699	7.520000
91.848213	7.536764
91.842766	7.557103
91.838875	7.571615
91.838608	7.572617
91.831352	7.600000
91.830284	7.604326
91.829750	7.606464
91.828125	7.613031
91.825577	7.623317
91.821144	7.641309
91.818893	7.650458
91.812569	7.676152
91.811623	7.680000
91.807304	7.696788
91.803650	7.710992
91.795639	7.742121
91.795273	7.743549
91.794685	7.745829
91.792969	7.752473
91.791031	7.760000
91.785431	7.780663
91.783974	7.786041
91.782684	7.790856
91.776070	7.815494
91.769966	7.838285
91.769501	7.840000
91.766388	7.850322
91.757812	7.878775
91.755890	7.885147
91.755074	7.887860
91.754356	7.890246
91.745575	7.919970
91.737503	7.939706
91.737244	7.940342
91.731415	7.954789
91.722656	7.976486
91.717361	7.989606
91.713837	7.998342
91.713165	8.000000
91.699883	8.024419
91.687500	8.047189
91.680954	8.059230
91.675522	8.069213
91.673363	8.073227
91.669716	8.080000
91.662804	8.092316
91.661842	8.094037
91.652344	8.111000
91.642357	8.128842
91.629936	8.151026
91.624908	8.160000
91.622978	8.163643
91.617188	8.174552
91.604507	8.198442
91.590492	8.224864
91.586479	8.232423
91.586044	8.233237
91.582451	8.240000
91.582031	8.240809
91.578842	8.247019
91.568077	8.268029
91.553741	8.296026
91.550262	8.302819
91.546875	8.309428
91.541458	8.320000
91.532722	8.337605
91.519073	8.365115
91.518318	8.366627
91.515480	8.372388
91.511719	8.380026
91.501877	8.400000
91.498840	8.407168
91.489532	8.429114
91.484093	8.441945
91.476562	8.459705
91.475731	8.461668
91.469254	8.476719
91.467834	8.480000
91.464485	8.488663
91.455650	8.511489
91.442688	8.544987
91.442200	8.546257
91.441406	8.548306
91.440125	8.551629
91.436829	8.560000
91.428841	8.581021
91.421272	8.600928
91.415627	8.615782
91.407043	8.638360
91.406418	8.640000
91.406250	8.640500
91.402840	8.650540
91.401115	8.655614
91.391037	8.685295
91.383354	8.707929
91.383163	8.708477
91.379250	8.720000
91.379242	8.720046
91.379181	8.720249
91.377235	8.727453
91.371094	8.750164
91.369843	8.754795
91.369385	8.756485
91.360443	8.789540
91.358261	8.797602
91.357620	8.800000
91.356834	8.803629
91.352364	8.824281
91.347275	8.847819
91.344849	8.859020
91.341805	8.873080
91.340332	8.880000
91.338463	8.891262
91.338043	8.893755
91.335938	8.906429
91.332893	8.924742
91.332268	8.928487
91.331543	8.932824
91.327026	8.960000
91.326683	8.963216
91.325592	8.973438
91.325554	8.973761
91.322929	8.997941
91.321373	9.012328
91.319168	9.032663
91.318367	9.040000
91.317703	9.050673
91.316658	9.067381
91.316139	9.075594
91.315369	9.087693
91.314445	9.102097
91.313301	9.120000
91.313118	9.124631
91.312622	9.136809
91.311646	9.160789
91.311211	9.171517
91.310966	9.177591
91.310165	9.196956
91.310043	9.199999
91.309860	9.206222
91.309082	9.232734
91.308838	9.240924
91.308243	9.261125
91.308022	9.268474
91.307816	9.275622
91.307686	9.279998
91.307564	9.287658
91.307297	9.303885
91.307198	9.310317
91.306732	9.339136
91.306641	9.345008
91.306396	9.360003
91.306335	9.374214
91.306313	9.379696
91.306244	9.397179
91.306198	9.409034
91.306183	9.414381
91.306091	9.440033
91.306152	9.443766
91.306236	9.449062
91.306686	9.477916
91.306778	9.483739
91.306953	9.494948
91.307213	9.512071
91.307304	9.518413
91.307327	9.519979
91.308418	9.545553
91.308739	9.553084
91.309807	9.578289
91.309830	9.578828
91.310226	9.587751
91.310745	9.599613
91.311478	9.611869
91.312103	9.622414
91.313431	9.644605
91.313637	9.648083
91.314148	9.657074
91.315315	9.677402
91.315422	9.679236
91.315903	9.691730
91.316635	9.710757
91.316727	9.713175
91.317223	9.726383
91.317886	9.744175
91.318481	9.760243
91.318489	9.761032
91.318604	9.777521
91.318604	9.778112
91.318733	9.795678
91.318848	9.812515
91.318977	9.830319
91.319084	9.845919
91.319084	9.846924
91.319077	9.850348
91.319092	9.864958
91.319115	9.881531
91.319138	9.899592
91.319153	9.916122
91.319176	9.934223
91.319183	9.936900
91.319183	9.937442
91.319305	9.950604
91.319473	9.968851
91.319618	9.984921
91.319786	10.003474
91.319931	10.019234
91.320038	10.030707
91.320084	10.032864
91.320183	10.038094
91.320465	10.053326
91.320839	10.072710
91.321114	10.087306
91.321495	10.107323
91.321754	10.121283
91.321823	10.124968
91.321899	10.128340
91.322159	10.141932
91.322418	10.155242
91.322823	10.176537
91.323067	10.189201
91.323494	10.211138
91.323639	10.218812
91.323708	10.222124
91.323730	10.223147
91.324257	10.245736
91.324516	10.256977
91.325050	10.280329
91.325294	10.290803
91.325790	10.312522
91.325882	10.314919
91.325905	10.315589
91.326225	10.324471
91.327141	10.349505
91.327446	10.357860
91.328400	10.384088
91.328659	10.391244
91.329208	10.406250
91.329422	10.409342
91.330070	10.418666
91.330444	10.424070
91.332458	10.453241
91.332680	10.456443
91.334854	10.487812
91.334923	10.488811
91.335693	10.499999
91.335938	10.502046
91.336052	10.502995
91.338089	10.520267
91.338333	10.522379
91.341736	10.551241
91.342407	10.556942
91.345390	10.582212
91.346481	10.591501
91.346748	10.593750
91.347275	10.596792
91.349953	10.612285
91.352325	10.626057
91.355049	10.641823
91.358299	10.660608
91.360153	10.671359
91.362946	10.687500
91.363632	10.690598
91.364647	10.695155
91.365807	10.700354
91.371094	10.724132
91.372108	10.728701
91.372330	10.729699
91.378418	10.757045
91.380020	10.764239
91.383804	10.781250
91.384613	10.784366
91.384850	10.785263
91.388367	10.798774
91.392006	10.812763
91.397354	10.833306
91.399170	10.840263
91.406250	10.867479
91.406326	10.867762
91.406342	10.867834
91.408203	10.875000
91.409058	10.878100
91.413696	10.895041
91.415703	10.902357
91.421158	10.922242
91.425163	10.936877
91.428612	10.949440
91.433907	10.968750
91.434593	10.971393
91.434685	10.971750
91.435974	10.976722
91.441406	10.997559
91.443138	11.004205
91.443581	11.005904
91.450302	11.031684
91.452576	11.040412
91.457458	11.059162
91.458328	11.062500
91.458992	11.065543
91.461037	11.074916
91.463776	11.087463
91.468567	11.109415
91.469978	11.115874
91.476097	11.143911
91.476181	11.144285
91.476562	11.146029
91.478790	11.156250
91.479301	11.159365
91.481590	11.173468
91.482391	11.178402
91.486420	11.203219
91.487991	11.212889
91.491249	11.232967
91.493584	11.247372
91.494011	11.250000
91.494339	11.253130
91.495407	11.263367
91.497345	11.281851
91.498688	11.294630
91.500961	11.316326
91.501968	11.325890
91.503838	11.343750
91.504005	11.346875
91.504204	11.350797
91.504562	11.357813
91.505966	11.385263
91.506241	11.390634
91.507729	11.419726
91.507919	11.423451
91.508636	11.437500
91.508667	11.440632
91.508804	11.454184
91.508835	11.457010
91.509155	11.488638
91.509178	11.491125
91.509506	11.523088
91.509529	11.525237
91.509590	11.531250
91.509537	11.534373
91.509148	11.557533
91.509102	11.560094
91.508575	11.591974
91.508522	11.595104
91.508026	11.625000
91.507973	11.626411
91.507912	11.628154
91.507828	11.630219
91.506683	11.660844
91.506493	11.665961
91.505394	11.695273
91.505150	11.701702
91.504517	11.718750
91.504326	11.721911
91.503860	11.729697
91.503380	11.737863
91.501816	11.764117
91.501205	11.774408
91.499771	11.798533
91.499031	11.810949
91.498940	11.812500
91.498672	11.815574
91.497200	11.832944
91.495888	11.848438
91.494278	11.867351
91.492699	11.885961
91.491364	11.901754
91.490982	11.906250
91.490662	11.909269
91.489113	11.923869
91.487816	11.936152
91.485054	11.962237
91.484177	11.970546
91.481056	12.000000
91.480995	12.000600
91.480743	12.002963
91.480537	12.004935
91.476913	12.038981
91.476875	12.039321
91.476562	12.042245
91.473213	12.073701
91.472824	12.077354
91.471085	12.093750
91.470833	12.096844
91.469917	12.108078
91.469345	12.115134
91.467125	12.142450
91.466316	12.152469
91.464333	12.176817
91.463470	12.187500
91.463394	12.189689
91.463364	12.190625
91.462662	12.211180
91.462189	12.225230
91.461494	12.245539
91.460976	12.260767
91.460327	12.279893
91.460281	12.281250
91.460358	12.284309
91.460602	12.295485
91.461029	12.314243
91.461357	12.329097
91.461792	12.348588
91.462112	12.362704
91.462387	12.375000
91.462624	12.378091
91.462997	12.382928
91.463943	12.395253
91.465637	12.417264
91.466400	12.427189
91.468277	12.451596
91.468857	12.459121
91.469597	12.468750
91.469963	12.471883
91.471611	12.485923
91.472122	12.490260
91.475639	12.520246
91.475731	12.521055
91.476562	12.528128
91.479347	12.551848
91.479660	12.554564
91.480591	12.562500
91.481026	12.565622
91.483337	12.582266
91.484253	12.588877
91.487534	12.612480
91.489021	12.623186
91.491730	12.642692
91.493614	12.656250
91.493805	12.657490
91.494080	12.659289
91.496124	12.672701
91.499039	12.691789
91.500687	12.702551
91.504280	12.726084
91.505249	12.732397
91.507935	12.750000
91.508499	12.753084
91.509834	12.760375
91.510117	12.761934
91.511719	12.770678
91.515442	12.791031
91.516106	12.794660
91.520760	12.820126
91.522369	12.828941
91.525078	12.843750
91.525795	12.846851
91.526291	12.849010
91.529572	12.863218
91.532753	12.876985
91.537491	12.897489
91.539215	12.904957
91.545403	12.931756
91.545670	12.932927
91.546730	12.937500
91.546875	12.937999
91.547623	12.940568
91.553230	12.959825
91.555031	12.966018
91.560997	12.986511
91.565010	13.000276
91.568771	13.013197
91.574028	13.031250
91.575104	13.034329
91.575172	13.034529
91.576920	13.039505
91.582031	13.054040
91.585892	13.065019
91.587212	13.068777
91.594856	13.090528
91.599243	13.103020
91.603821	13.116037
91.606972	13.125000
91.608170	13.128009
91.611839	13.137259
91.613335	13.141013
91.617188	13.150727
91.623131	13.165703
91.625427	13.171492
91.632935	13.190391
91.639015	13.205721
91.642731	13.215077
91.644188	13.218750
91.645454	13.221761
91.652344	13.238066
91.652908	13.239398
91.653137	13.239945
91.663147	13.263647
91.667595	13.274165
91.673393	13.287893
91.682045	13.308379
91.683640	13.312139
91.683792	13.312500
91.685104	13.315580
91.687500	13.321229
91.693916	13.336346
91.696564	13.342589
91.704193	13.360555
91.711082	13.376794
91.714462	13.384762
91.722656	13.404062
91.723587	13.406250
91.724777	13.408932
91.724953	13.409325
91.725693	13.410994
91.735382	13.432812
91.740883	13.445189
91.745987	13.456689
91.756065	13.479379
91.756592	13.480564
91.757812	13.483307
91.765228	13.500000
91.766754	13.503109
91.767334	13.504303
91.771881	13.513565
91.778694	13.527446
91.788651	13.547745
91.790047	13.550588
91.792969	13.556549
91.801399	13.573728
91.805420	13.581921
91.811218	13.593750
91.812912	13.596710
91.812981	13.596832
91.823967	13.616092
91.825455	13.618690
91.828125	13.623374
91.837990	13.640667
91.843468	13.650257
91.850533	13.662644
91.862961	13.684418
91.863075	13.684620
91.863281	13.684985
91.864716	13.687500
91.866776	13.690596
91.876709	13.705526
91.885391	13.718574
91.890511	13.726272
91.898438	13.738181
91.904312	13.747015
91.908112	13.752725
91.918114	13.767757
91.927094	13.781250
91.929398	13.784286
91.931358	13.786871
91.932304	13.788119
91.933594	13.789814
91.947220	13.807776
91.957260	13.821011
91.962135	13.827433
91.968750	13.836149
91.977051	13.847088
91.983162	13.855147
91.991959	13.866743
91.998230	13.875000
92.000725	13.878004
92.003906	13.881824
92.007339	13.885946
92.010109	13.889278
92.023048	13.904820
92.038528	13.923404
92.038765	13.923693
92.039062	13.924050
92.054474	13.942565
92.066933	13.957525
92.070190	13.961436
92.074219	13.966276
92.076279	13.968750
92.078896	13.971752
92.086143	13.980067
92.096237	13.991640
92.102257	13.998548
92.103523	14.000000
>	aa
96.707474	3.085970
96.705444	3.084334
96.701767	3.081369
96.700424	3.080288
96.699539	3.079572
96.695168	3.076050
96.688370	3.070571
96.684021	3.067065
96.675552	3.060243
96.672607	3.057865
96.662788	3.049956
96.661400	3.048835
96.650879	3.040355
96.650833	3.040318
96.650436	3.040000
96.640625	3.032095
96.639488	3.031177
96.630180	3.023675
96.627785	3.021745
96.619667	3.015200
96.616028	3.012270
96.609261	3.006814
96.604500	3.002978
96.599060	2.998595
96.593224	2.993891
96.588997	2.990486
96.582008	2.984849
96.578888	2.982339
96.570412	2.975506
96.568321	2.973818
96.558449	2.965865
96.557671	2.965236
96.551170	2.960000
96.547577	2.957101
96.547180	2.956779
96.537704	2.949143
96.536171	2.947907
96.527313	2.940769
96.524536	2.938529
96.516884	2.932368
96.512932	2.929178
96.506775	2.924219
96.501717	2.920143
96.496620	2.916034
96.490341	2.910971
96.486244	2.907673
96.478676	2.901573
96.475838	2.899282
96.467178	2.892304
96.465599	2.891034
96.455780	2.883123
96.455391	2.882809
96.451912	2.880000
96.445450	2.874792
96.444725	2.874211
96.435432	2.866719
96.433525	2.865187
96.425575	2.858779
96.422653	2.856421
96.415741	2.850854
96.411674	2.847571
96.405579	2.842660
96.400345	2.838440
96.395317	2.834390
96.388847	2.829177
96.385147	2.826198
96.377846	2.820309
96.375328	2.818284
96.366913	2.811502
96.365471	2.810338
96.355705	2.802464
96.355400	2.802220
96.352646	2.800000
96.345474	2.794221
96.344681	2.793580
96.335541	2.786215
96.333618	2.784667
96.325653	2.778248
96.322594	2.775782
96.315498	2.770064
96.311348	2.766716
96.305557	2.762053
96.300446	2.757934
96.295761	2.754154
96.289391	2.749021
96.285736	2.746079
96.278183	2.739992
96.275726	2.738008
96.267395	2.731297
96.266014	2.730182
96.256592	2.722591
96.256279	2.722335
96.253380	2.720000
96.246628	2.714560
96.245911	2.713983
96.236855	2.706684
96.235016	2.705199
96.227112	2.698829
96.224304	2.696566
96.217583	2.691149
96.213799	2.688101
96.208015	2.683439
96.203018	2.679413
96.198257	2.675574
96.192383	2.670844
96.188591	2.667787
96.181572	2.662129
96.178848	2.659933
96.170776	2.653425
96.169144	2.652113
96.159882	2.644649
96.159332	2.644203
96.154114	2.640000
96.149918	2.636620
96.149483	2.636266
96.140427	2.628971
96.139046	2.627853
96.131165	2.621503
96.128899	2.619675
96.122231	2.614305
96.118958	2.611665
96.112892	2.606779
96.108582	2.603304
96.103683	2.599354
96.098511	2.595189
96.094360	2.591843
96.088188	2.586870
96.085129	2.584403
96.078033	2.578682
96.075836	2.576911
96.067444	2.570151
96.066254	2.569190
96.057518	2.562150
96.057274	2.561950
96.054848	2.560000
96.048203	2.554639
96.047546	2.554114
96.039040	2.547255
96.037460	2.545987
96.030121	2.540067
96.027565	2.538007
96.020882	2.532620
96.017326	2.529760
96.011688	2.525212
96.007263	2.521650
96.002632	2.517915
95.997520	2.513794
95.993668	2.510691
95.987480	2.505702
95.984428	2.503245
95.977188	2.497411
95.975227	2.495830
95.966980	2.489180
95.965950	2.488354
95.956947	2.481095
95.956825	2.480995
95.955589	2.480000
95.947716	2.473654
95.946945	2.473033
95.938721	2.466410
95.937012	2.465031
95.929405	2.458902
95.926682	2.456705
95.920090	2.451391
95.916405	2.448425
95.910942	2.444020
95.906647	2.440559
95.902176	2.436953
95.896912	2.432711
95.893196	2.429715
95.886581	2.424390
95.883644	2.422019
95.875916	2.415790
95.874062	2.414299
95.870911	2.411758
95.865730	2.407581
95.864853	2.406877
95.856323	2.400000
95.855743	2.399534
95.855682	2.399487
95.846420	2.392020
95.845367	2.391170
95.836800	2.384265
95.834763	2.382626
95.827431	2.376716
95.824471	2.374330
95.818047	2.369154
95.814011	2.365899
95.808578	2.361523
95.803490	2.357422
95.799110	2.353894
95.793015	2.348980
95.789581	2.346209
95.782776	2.340726
95.780418	2.338825
95.773178	2.332992
95.771683	2.331789
95.762878	2.324694
95.762321	2.324240
95.757057	2.320000
95.751846	2.315797
95.751198	2.315277
95.741417	2.307395
95.739731	2.306035
95.731804	2.299647
95.729301	2.297632
95.722687	2.292297
95.719086	2.289397
95.713371	2.284792
95.708717	2.281043
95.703781	2.277064
95.697975	2.272385
95.693954	2.269142
95.686874	2.263434
95.683998	2.261117
95.675728	2.254456
95.673988	2.253049
95.665070	2.245863
95.664352	2.245286
95.657791	2.240000
95.654579	2.237411
95.654228	2.237125
95.645004	2.229696
95.643646	2.228596
95.635406	2.221959
95.633041	2.220050
95.625397	2.213890
95.621727	2.210934
95.615135	2.205618
95.610359	2.201774
95.605446	2.197811
95.599319	2.192876
95.595108	2.189477
95.587402	2.183267
95.584274	2.180748
95.575821	2.173936
95.574051	2.172508
95.564995	2.165212
95.564369	2.164708
95.558533	2.160000
95.554993	2.157149
95.554626	2.156852
95.545616	2.149592
95.544136	2.148399
95.534767	2.140847
95.531815	2.138469
95.523605	2.131855
95.519493	2.128541
95.513535	2.123740
95.508789	2.119910
95.504196	2.116214
95.498482	2.111604
95.494659	2.108527
95.487671	2.102895
95.484795	2.100573
95.476746	2.094086
95.474991	2.092676
95.465553	2.085067
95.464951	2.084581
95.459267	2.080000
95.454811	2.076409
95.454308	2.076005
95.445053	2.068549
95.443481	2.067280
95.434975	2.060423
95.432335	2.058296
95.424881	2.052288
95.421097	2.049240
95.414726	2.044107
95.409523	2.039912
95.404198	2.035619
95.397629	2.030324
95.393806	2.027244
95.386787	2.021591
95.384361	2.019636
95.376526	2.013320
95.374901	2.012008
95.363792	2.003054
95.363266	2.002630
95.360001	2.000000
95.347679	1.990069
95.345390	1.988223
95.329941	1.975776
95.323296	1.970419
95.311340	1.960786
95.299706	1.951404
95.292564	1.945651
95.276611	1.932797
95.273560	1.930332
95.260735	1.920000
95.254631	1.915079
95.253265	1.913977
95.235992	1.900058
95.230576	1.895695
95.218292	1.885796
95.216537	1.884381
95.215157	1.883268
95.213081	1.881591
>	aa
96.707474	3.085970
96.683922	3.105023
>	aa
92.928780	11.587364
92.928780	11.587312
92.928787	11.586907
92.928787	11.586641
92.928795	11.586363
92.928795	11.586314
92.928802	11.585648
92.929604	11.538321
92.929726	11.531250
92.928833	11.444571
92.928764	11.437500
92.924370	11.350821
92.924011	11.343750
92.920479	11.309860
92.919312	11.298586
92.916885	11.275310
92.914986	11.257071
92.914238	11.250000
92.910088	11.224466
92.900139	11.163321
92.898987	11.156250
92.880066	11.069571
92.878525	11.062500
92.875793	11.052006
92.873734	11.044079
92.872841	11.040624
92.856003	10.975821
92.854164	10.968750
92.848404	10.947821
92.846329	10.940280
92.830315	10.882071
92.828369	10.875000
92.821564	10.848867
92.805801	10.788321
92.803955	10.781250
92.802521	10.774790
92.784676	10.694572
92.783096	10.687500
92.768600	10.603311
92.768166	10.600824
92.766953	10.593750
92.757080	10.510159
92.756721	10.507067
92.755890	10.499999
92.755188	10.489965
92.754280	10.476857
92.752655	10.453545
92.752205	10.447017
92.749855	10.413298
92.749367	10.406252
92.746269	10.319597
92.746017	10.312511
92.745056	10.269561
92.744087	10.226112
92.743919	10.218760
92.743187	10.182500
92.742630	10.155354
92.742157	10.131956
92.742012	10.124892
92.739906	10.032342
92.739868	10.030640
92.739540	10.014874
92.739120	9.994691
92.738640	9.971670
92.738205	9.950655
92.737915	9.936890
92.737946	9.930151
92.738159	9.875341
92.738258	9.849159
92.738274	9.845853
92.740387	9.817530
92.741478	9.802928
92.741882	9.798023
92.745010	9.760357
92.745148	9.759570
92.745239	9.759007
92.746574	9.750802
92.750656	9.725602
92.753494	9.709273
92.754539	9.703284
92.754669	9.702523
92.756226	9.692959
92.758537	9.679101
92.761734	9.664355
92.762665	9.660085
92.765419	9.647847
92.769585	9.628899
92.775932	9.599667
92.776962	9.594972
92.778114	9.589751
92.786171	9.553195
92.793221	9.520000
92.795822	9.506691
92.797722	9.496954
92.800728	9.481503
92.801468	9.477688
92.803802	9.465735
92.806519	9.451833
92.807732	9.445482
92.808777	9.440032
92.817451	9.389237
92.822342	9.360005
92.829063	9.316580
92.834587	9.279998
92.836716	9.266289
92.841721	9.233931
92.842896	9.226298
92.843445	9.222695
92.843773	9.220550
92.846924	9.200000
92.854942	9.154597
92.857605	9.139520
92.858261	9.135818
92.861053	9.120000
92.868881	9.084688
92.878922	9.040000
92.884926	9.019328
92.900299	8.968217
92.902451	8.961064
92.902771	8.960000
92.907677	8.946925
92.929176	8.891253
92.933517	8.880000
92.942513	8.860505
92.946060	8.853047
92.948471	8.847980
92.955490	8.833220
92.971291	8.800000
92.984192	8.776223
93.015701	8.720000
93.024269	8.705877
93.031311	8.694697
93.043800	8.674846
93.057457	8.653144
93.064056	8.642614
93.065742	8.640000
93.069649	8.634088
93.106323	8.578607
93.118904	8.560000
93.146408	8.519081
93.173050	8.480000
93.187721	8.458251
93.188637	8.456890
93.204361	8.433440
93.209732	8.425432
93.226784	8.400000
93.233276	8.390168
93.278831	8.320000
93.282890	8.313491
93.324150	8.245920
93.327431	8.240555
93.327759	8.240000
93.329102	8.237453
93.330757	8.234322
93.353073	8.192103
93.370049	8.160000
93.396309	8.102935
93.406693	8.080000
93.408730	8.075027
93.440735	8.000000
93.446747	7.984386
93.465027	7.937428
93.471809	7.920000
93.479424	7.898463
93.487976	7.874239
93.498680	7.843385
93.499855	7.840000
93.509995	7.810028
93.526947	7.760000
93.550575	7.691247
93.554413	7.680000
93.560272	7.663287
93.569389	7.637147
93.577873	7.612813
93.582344	7.600000
93.583527	7.596684
93.585693	7.590628
93.597481	7.557621
93.610947	7.520000
93.620712	7.493303
93.630768	7.465474
93.635040	7.453657
93.639977	7.440000
93.653015	7.404806
93.660400	7.384898
93.663910	7.375321
93.669540	7.360000
93.684288	7.321179
93.699959	7.280000
93.700310	7.279087
93.703430	7.271066
93.712364	7.248090
93.717453	7.235015
93.724541	7.216683
93.730995	7.200000
93.738937	7.179502
93.762032	7.120000
93.777031	7.080360
93.788773	7.049337
93.790062	7.045941
93.792313	7.040000
93.801941	7.013052
93.806656	6.999857
93.807976	6.996171
93.810593	6.988851
93.818748	6.965878
93.820831	6.960000
93.840172	6.900476
93.846802	6.880000
93.850342	6.868037
93.870346	6.800000
93.881767	6.759312
93.885948	6.744389
93.888863	6.733974
93.888992	6.733515
93.889290	6.732457
93.892784	6.720000
93.911461	6.654961
93.911713	6.654087
93.911812	6.653751
93.915787	6.640000
93.918121	6.632714
93.930061	6.595432
93.941330	6.560000
93.945068	6.549764
93.971146	6.480000
93.977356	6.465561
93.980034	6.459519
93.985725	6.446724
93.999802	6.415041
94.003616	6.406457
94.005928	6.401206
94.006485	6.400000
94.030411	6.353536
94.048813	6.320000
94.054268	6.310790
94.059052	6.303316
94.077492	6.273336
94.099594	6.240000
94.100449	6.238763
94.101028	6.237992
94.104256	6.233488
94.108421	6.227672
94.109009	6.226853
94.112663	6.221753
94.118652	6.213391
94.120377	6.210988
94.123314	6.206887
94.137733	6.188102
94.145615	6.177310
94.146629	6.176015
94.159187	6.160000
94.168564	6.147914
94.173790	6.141572
94.191048	6.119668
94.207710	6.099731
94.213226	6.092800
94.223991	6.080000
94.235214	6.065855
94.240913	6.058967
94.257469	6.038179
94.274818	6.017303
94.279549	6.011358
94.289009	6.000000
94.294838	5.992328
94.300110	5.985399
94.305298	5.978773
94.319328	5.960061
94.334282	5.940777
94.337708	5.936183
94.339523	5.933743
94.350044	5.920000
94.359955	5.905641
94.365791	5.897293
94.380440	5.875656
94.396797	5.852035
94.399750	5.847621
94.404938	5.840000
94.408379	5.834432
94.421204	5.813723
94.434258	5.792739
94.443359	5.777809
94.449921	5.767103
94.453842	5.760696
94.454269	5.760000
94.455360	5.758123
94.457321	5.754740
94.466553	5.738827
94.480515	5.714746
94.491127	5.696168
94.500473	5.680000
94.514282	5.655990
94.527702	5.633326
94.537445	5.616508
94.538467	5.614789
94.547249	5.600000
94.561768	5.576365
94.574898	5.555630
94.585457	5.538707
94.597351	5.520000
94.608810	5.502317
94.617851	5.488664
94.631981	5.466912
94.639076	5.456262
94.649902	5.440000
94.654915	5.432378
94.658546	5.426932
94.677238	5.398442
94.692368	5.375894
94.697327	5.368495
94.699715	5.364859
94.702965	5.360000
94.721855	5.330791
94.735580	5.310007
94.743851	5.297272
94.755241	5.280000
94.766655	5.262144
94.776581	5.246865
94.790703	5.224796
94.794586	5.218830
94.806854	5.200000
94.815369	5.186776
94.823547	5.174321
94.839287	5.149966
94.841324	5.146816
94.846428	5.139079
94.857185	5.122761
94.859001	5.120000
94.861298	5.116563
94.867371	5.107438
94.869881	5.103767
94.875931	5.094909
94.894981	5.066614
94.913467	5.040000
94.922722	5.026869
94.930603	5.016024
94.949188	4.989926
94.971199	4.960000
94.974152	4.955992
94.975929	4.953677
94.997360	4.925051
95.006340	4.913574
95.014915	4.902612
95.022049	4.893255
95.022598	4.892568
95.023666	4.891233
95.032684	4.880000
95.047630	4.861057
95.057274	4.849294
95.061447	4.844092
95.064598	4.840155
95.068306	4.835535
95.072609	4.830171
95.091461	4.807645
95.095955	4.802279
95.096611	4.801477
95.097862	4.800000
95.119720	4.773560
95.131264	4.760016
95.142570	4.746453
95.165344	4.720000
95.189674	4.691173
95.201111	4.677882
95.203941	4.674594
95.214851	4.661711
95.215439	4.661033
95.226311	4.648425
95.233574	4.640000
95.241234	4.630950
95.246758	4.624490
95.269310	4.597850
95.275070	4.591111
95.282829	4.582028
95.291397	4.571999
95.293655	4.569356
95.296867	4.565575
95.301620	4.560000
95.301720	4.559881
95.308342	4.551925
95.328751	4.527423
95.355209	4.495804
95.361862	4.487825
95.368378	4.480000
95.394119	4.447488
95.402924	4.436366
95.412224	4.424653
95.431793	4.400000
95.448425	4.377540
95.491165	4.320000
95.498817	4.309057
95.501129	4.305780
95.547485	4.240000
95.548210	4.238955
95.548325	4.238793
95.555748	4.228217
95.598709	4.166935
95.603645	4.160000
95.644730	4.103722
95.662300	4.080000
95.682716	4.053510
95.688118	4.046493
95.706932	4.022545
95.724648	4.000000
95.728081	3.995740
95.734787	3.987535
95.771111	3.942911
95.789948	3.920000
95.817284	3.886379
95.855301	3.840000
95.858070	3.836555
95.866112	3.826534
95.884583	3.803570
95.906830	3.775812
95.909966	3.771913
95.919556	3.760000
95.941116	3.733690
95.961746	3.708712
95.973656	3.694232
95.985397	3.680000
96.006546	3.656096
96.011261	3.650815
96.019753	3.641319
96.027489	3.632670
96.041550	3.616795
96.056610	3.600000
96.083359	3.573218
96.107910	3.548866
96.111687	3.545116
96.111954	3.544853
96.118393	3.538464
96.127975	3.528874
96.128525	3.528324
96.129707	3.527156
96.136940	3.520000
96.178154	3.483620
96.226639	3.441393
96.227463	3.440668
96.228241	3.440000
96.233086	3.436182
96.260742	3.414413
96.277382	3.401543
96.296852	3.386270
96.312126	3.374526
96.331024	3.360000
96.334320	3.357609
96.335686	3.356632
96.365372	3.335235
96.379143	3.325410
96.397903	3.311848
96.421738	3.294932
96.427246	3.290978
96.442802	3.280000
96.455620	3.271019
96.457703	3.269567
96.460060	3.267916
96.473930	3.258260
96.484749	3.250723
96.500412	3.239809
96.516403	3.228698
96.548820	3.205985
96.551392	3.204196
96.557404	3.200000
96.591331	3.175222
96.612366	3.159588
96.631287	3.145699
96.662025	3.122524
96.665375	3.120000
96.673767	3.113285
96.683922	3.105023
>	aa
93.521492	13.997233
93.502991	13.975984
93.502853	13.975821
93.496704	13.968750
93.494606	13.966228
93.424500	13.882071
93.418602	13.875000
93.402542	13.853895
93.401337	13.852310
93.381844	13.826707
93.364044	13.803318
93.352631	13.788321
93.347260	13.781250
93.343338	13.775349
93.289589	13.694571
93.284874	13.687500
93.270279	13.661856
93.235535	13.600821
93.231499	13.593750
93.188904	13.507071
93.185425	13.500000
93.170860	13.467028
93.164818	13.453348
93.147141	13.413321
93.146591	13.412090
93.145668	13.409999
93.144005	13.406250
93.140732	13.398592
93.133575	13.381861
93.132889	13.380261
93.128441	13.369863
93.122345	13.355615
93.106926	13.319571
93.103920	13.312500
93.067474	13.225821
93.064491	13.218750
93.029999	13.132071
93.027191	13.125000
93.013901	13.087157
92.996742	13.038321
92.994263	13.031250
92.985458	13.000949
92.969078	12.944571
92.967010	12.937500
92.957787	12.897583
92.953056	12.877142
92.946976	12.850821
92.945343	12.843750
92.929436	12.757071
92.928139	12.750000
92.927345	12.744781
92.925735	12.734256
92.920197	12.698091
92.914879	12.663321
92.913803	12.656250
92.901840	12.569571
92.901718	12.568659
92.900856	12.562500
92.897964	12.537802
92.895164	12.513882
92.890709	12.475821
92.889885	12.468750
92.885750	12.414549
92.884308	12.395641
92.883270	12.382071
92.882721	12.375000
92.882446	12.363396
92.880669	12.288321
92.880508	12.281250
92.882629	12.217845
92.883415	12.194571
92.883606	12.188622
92.883644	12.187500
92.890633	12.100821
92.891212	12.093750
92.900414	12.007071
92.901169	12.000000
92.906029	11.954491
92.910423	11.913321
92.911171	11.906250
92.913185	11.882560
92.918556	11.819571
92.919159	11.812500
92.924294	11.725821
92.924713	11.718750
92.927887	11.632071
92.928146	11.625000
92.928749	11.588952
92.928780	11.587364
>	aa
93.523903	14.000000
93.521492	13.997233
>	aa
93.523903	14.000000
93.523834	14.000000
93.522400	14.000000
93.509071	14.000000
93.502396	14.000000
93.489098	14.000000
93.482422	14.000000
93.469025	14.000000
93.462326	14.000000
93.448967	14.000000
93.442337	14.000000
93.429024	14.000000
93.422356	14.000000
93.409004	14.000000
93.402321	14.000000
93.388969	14.000000
93.382339	14.000000
93.369003	14.000000
93.362312	14.000000
93.348991	14.000000
93.342316	14.000000
93.329018	14.000000
93.322388	14.000000
93.309090	14.000000
93.302414	14.000000
93.289131	14.000000
93.282478	14.000000
93.269096	14.000000
93.262428	14.000000
93.249054	14.000000
93.242371	14.000000
93.229027	14.000000
93.222351	14.000000
93.209015	14.000000
93.202354	14.000000
93.189072	14.000000
93.182449	14.000000
93.169113	14.000000
93.162415	14.000000
93.149033	14.000000
93.142349	14.000000
93.129021	14.000000
93.122398	14.000000
93.109093	14.000000
93.102417	14.000000
93.089119	14.000000
93.082428	14.000000
93.069084	14.000000
93.062447	14.000000
93.049095	14.000000
93.042397	14.000000
93.029045	14.000000
93.022400	14.000000
93.009094	14.000000
93.002411	14.000000
92.989059	14.000000
92.982399	14.000000
92.969009	14.000000
92.962311	14.000000
92.948990	14.000000
92.942375	14.000000
92.929070	14.000000
92.922386	14.000000
92.909042	14.000000
92.902344	14.000000
92.888969	14.000000
92.882332	14.000000
92.869019	14.000000
92.862343	14.000000
92.848991	14.000000
92.842300	14.000000
92.828972	14.000000
92.822334	14.000000
92.809013	14.000000
92.802376	14.000000
92.789055	14.000000
92.782364	14.000000
92.769012	14.000000
92.762329	14.000000
92.749023	14.000000
92.742386	14.000000
92.729080	14.000000
92.722397	14.000000
92.709061	14.000000
92.702415	14.000000
92.689018	14.000000
92.682312	14.000000
92.673073	14.000000
92.668968	14.000000
92.662323	14.000000
92.649002	14.000000
92.642334	14.000000
92.628975	14.000000
92.622314	14.000000
92.608955	14.000000
92.602310	14.000000
92.589012	14.000000
92.582336	14.000000
92.569092	14.000000
92.562416	14.000000
92.549065	14.000000
92.542358	14.000000
92.528954	14.000000
92.522324	14.000000
92.509003	14.000000
92.502312	14.000000
92.489021	14.000000
92.482391	14.000000
92.469032	14.000000
92.462318	14.000000
92.448944	14.000000
92.442307	14.000000
92.429039	14.000000
92.422356	14.000000
92.409058	14.000000
92.402405	14.000000
92.388985	14.000000
92.382278	14.000000
92.369049	14.000000
92.362503	14.000000
92.349716	14.000000
92.343384	14.000000
92.330086	14.000000
92.323418	14.000000
92.306328	14.000000
92.297653	14.000000
92.274727	14.000000
92.263260	14.000000
92.236862	14.000000
92.223656	14.000000
92.196327	14.000000
92.182716	14.000000
92.155754	14.000000
92.142273	14.000000
92.116425	14.000000
92.115570	14.000000
92.112877	14.000000
92.108093	14.000000
92.104401	14.000000
92.103523	14.000000
